10 9.80712122659 10.3382880753 10.7678091557 11.1663550165 11.8654814531 PA10
9 9.64806353784 10.642462367 11.1118530712 11.5328029433 12.8683138078 PA9
8 7.49459347842 10.4799906015 11.3149723264 12.4702553501 15.4556524732 PA8
7 7.06560814819 10.5286076695 12.0890161895 13.2923835681 16.1720381374 PA7
6 10.4146923639 11.8511431018 12.2687072841 12.8087769271 14.245227665 PA6
5 9.6589757944 11.7813608165 12.5353798726 13.3047481408 15.448813017 PA5
4 8.2717588163 11.8314808335 12.879882989 14.204628845 16.0691870111 PA4
3 10.4092661764 12.4357655066 13.0084094739 13.78676506 15.8132643902 PA3
2 10.0313013113 12.3889967107 13.2100108932 14.2926691014 15.7620517127 PA2
1 11.4991632805 13.3637829075 14.1683820075 14.7469611464 16.7842693837 PA1
