14 9.80712122659 10.3382880753 10.7678091557 11.1663550165 11.8654814531 PA14
13 0 0 0 0 0 PA13
12 9.64806353784 10.6551820655 11.1792466301 11.6301051227 13.0924897086 PA12
11 7.77499436715 10.4480636791 11.5672533751 12.230109887 13.3107566564 PA11
10 8.26319087276 10.9635296947 11.8732859583 12.7637555759 15.4640943978 PA10
9 12.0742390308 12.0742390308 12.0742390308 12.0742390308 12.0742390308 PA9
8 7.07731665842 10.9032736838 12.2282970948 13.4539117007 16.1720381374 PA8
7 9.6589757944 11.8010824934 12.5353798726 13.3029713624 15.448813017 PA7
6 10.0313013113 12.3889967107 13.2100108932 14.2882512135 15.7620517127 PA6
5 0 0 0 0 0 PA5
4 10.3246222226 12.4090528155 13.0542896552 13.7986732108 15.8762400821 PA4
3 13.7331216195 13.7331216195 13.7331216195 13.7331216195 13.7331216195 PA3
2 11.4991632805 13.3837658357 14.1783297374 14.74981292 16.7842693837 PA2
1 0 0 0 0 0 PA1
